#[BD28_100only_sflatcorr_skyup.ms.fits] 100 2005 180.00 1.120  4584.803  7407.941 #”HexPak Object Fiber"
 4594.77   4.3314E-13    7.179     1047316.
 4605.54   4.2958E-13   21.536     3259719.
 4618.10   4.2560E-13   17.946     2816842.
 4632.46   4.2119E-13   10.768     1729142.
 4650.41   4.1578E-13   25.125     4116371.
 4711.42   3.9771E-13   10.768     1860035.
 4725.78   3.9345E-13   17.946     3139908.
 4740.14   3.8918E-13   17.946     3176413.
 4785.00   3.7575E-13   49.000     8939638.
 4815.51   3.6652E-13   17.946     3331751.
 4894.48   3.4266E-13   17.946     3382877.
 4919.60   3.3529E-13   32.303     6141378.
 4951.90   3.2617E-13   17.946     3411633.
 5000.00   3.1385E-13   49.000     9220772.
 5047.02   3.0382E-13   28.714     5373489.
 5079.32   2.9771E-13   43.071     8117039.
 5115.21   2.9134E-13   28.714     5477828.
 5169.05   2.8209E-13   28.714     5618132.
 5194.18   2.7777E-13   14.357     2843521.
 5215.71   2.7403E-13   28.714     5738022.
 5263.00   2.6558E-13   49.000     9935241.
 5301.85   2.5815E-13   28.714     5887015.
 5326.98   2.5328E-13   28.714     5916864.
 5357.49   2.4746E-13   25.125     5215601.
 5447.22   2.3122E-13   25.125     5198204.
 5479.52   2.2571E-13   32.303     6672746.
 5556.00   2.1338E-13   98.000     2.0212E7
 5619.50   2.0378E-13   32.303     6563430.
 5657.19   1.9833E-13   43.071     8636348.
 5696.67   1.9280E-13   35.892     7100894.
 5748.71   1.8580E-13   68.196     1.3356E7
 5840.00   1.7452E-13   98.000     1.9119E7
 5906.64   1.6765E-13   32.303     6137118.
 5942.53   1.6418E-13   46.660     8738018.
 5985.60   1.6010E-13   39.482     7237689.
 6010.73   1.5775E-13   17.946     3231675.
 6056.00   1.5357E-13   98.000     1.7108E7
 6109.43   1.4868E-13   35.893     6060287.
 6143.53   1.4560E-13   32.303     5356471.
 6179.42   1.4240E-13   46.660     7625805.
 6220.70   1.3878E-13   35.892     5814499.
 6253.00   1.3601E-13   21.535     3461990.
 6331.97   1.2949E-13   28.714     4517162.
 6367.86   1.2668E-13   28.714     4489532.
 6436.00   1.2174E-13   98.000     1.4687E7
 6506.04   1.1726E-13   32.303     4628467.
 6529.37   1.1587E-13   14.357     2020188.
 6611.93   1.1120E-13   35.893     4820255.
 6646.02   1.0934E-13   32.303     4240793.
 6672.94   1.0790E-13   35.893     4610528.
 6716.01   1.0559E-13   43.071     5385933.
 6790.00   1.0161E-13   98.000     1.1783E7
 6850.61   9.8286E-14   17.946     2067438.
 6900.86   9.5541E-14   25.125     2511723.
 6924.19   9.4285E-14   28.714     3012368.
 6961.88   9.2295E-14   39.481     4155945.
 6999.56   9.0362E-14   35.893     3690590.
 7031.87   8.8756E-14   35.893     3631049.
 7100.00   8.5536E-14   98.000     9445510.
 7148.52   8.3366E-14   17.946     1646525.
 7189.79   8.1576E-14   21.536     1691579.
 7213.12   8.0587E-14   17.946     1478763.
 7238.25   7.9540E-14   25.125     1960636.
 7266.96   7.8368E-14   25.125     1925504.
 7292.09   7.7364E-14   25.125     1912812.
 7319.01   7.6309E-14   21.536     1627228.
 7342.34   7.5414E-14   10.768      813808.
 7371.05   7.4336E-14   32.303     2359059.
